52
9999 小刘 98.00 87.00 77.00 262.00 87.33
10000 小明 99.00 96.00 97.00 292.00 97.33
10002 学生_2 99.00 99.00 52.00 250.00 83.33
10003 学生_3 51.00 52.00 53.00 156.00 52.00
10004 学生_4 52.00 53.00 54.00 159.00 53.00
10005 学生_5 53.00 54.00 55.00 162.00 54.00
10006 学生_6 54.00 55.00 56.00 165.00 55.00
10007 学生_7 55.00 56.00 57.00 168.00 56.00
10008 学生_8 56.00 57.00 58.00 171.00 57.00
10009 学生_9 57.00 58.00 59.00 174.00 58.00
10010 学生_10 58.00 59.00 60.00 177.00 59.00
10011 学生_11 59.00 60.00 61.00 180.00 60.00
10012 学生_12 60.00 61.00 62.00 183.00 61.00
10013 学生_13 61.00 62.00 63.00 186.00 62.00
10014 学生_14 62.00 63.00 64.00 189.00 63.00
10015 学生_15 63.00 64.00 65.00 192.00 64.00
10016 学生_16 64.00 65.00 66.00 195.00 65.00
10017 学生_17 65.00 66.00 67.00 198.00 66.00
10018 学生_18 66.00 67.00 68.00 201.00 67.00
10019 学生_19 67.00 68.00 69.00 204.00 68.00
10020 学生_20 68.00 69.00 70.00 207.00 69.00
10021 学生_21 69.00 70.00 71.00 210.00 70.00
10022 学生_22 70.00 71.00 72.00 213.00 71.00
10023 学生_23 71.00 72.00 73.00 216.00 72.00
10024 学生_24 72.00 73.00 74.00 219.00 73.00
10025 学生_25 73.00 74.00 75.00 222.00 74.00
10026 学生_26 74.00 75.00 76.00 225.00 75.00
10027 学生_27 75.00 76.00 77.00 228.00 76.00
10028 学生_28 76.00 77.00 78.00 231.00 77.00
10029 学生_29 77.00 78.00 79.00 234.00 78.00
10030 学生_30 78.00 79.00 80.00 237.00 79.00
10031 学生_31 79.00 80.00 81.00 240.00 80.00
10032 学生_32 80.00 81.00 82.00 243.00 81.00
10033 学生_33 81.00 82.00 83.00 246.00 82.00
10034 学生_34 82.00 83.00 84.00 249.00 83.00
10035 学生_35 83.00 84.00 85.00 252.00 84.00
10036 学生_36 84.00 85.00 86.00 255.00 85.00
10037 学生_37 85.00 86.00 87.00 258.00 86.00
10038 学生_38 86.00 87.00 88.00 261.00 87.00
10039 学生_39 87.00 88.00 89.00 264.00 88.00
10040 学生_40 88.00 89.00 90.00 267.00 89.00
10041 学生_41 89.00 90.00 91.00 270.00 90.00
10042 学生_42 90.00 91.00 92.00 273.00 91.00
10043 学生_43 91.00 92.00 93.00 276.00 92.00
10044 学生_44 92.00 93.00 94.00 279.00 93.00
10045 学生_45 93.00 94.00 95.00 282.00 94.00
10046 学生_46 94.00 95.00 96.00 285.00 95.00
10047 学生_47 95.00 96.00 97.00 288.00 96.00
10048 学生_48 96.00 97.00 98.00 291.00 97.00
10049 学生_49 97.00 98.00 99.00 294.00 98.00
10050 学生_50 98.00 99.00 100.00 297.00 99.00
10051 小花 49.00 50.00 51.00 150.00 50.00
